0,00000	-0,04474	-2,96686
0,00010	0,23350	-2,61719
0,00020	0,50571	-2,45907
0,00030	0,85370	-2,20281
0,00040	1,06781	-2,01021
0,00050	1,27862	-1,76719
0,00060	1,59422	-1,42640
0,00070	1,85881	-1,18904
0,00080	2,22408	-0,95377
0,00090	2,38768	-0,79186
0,00100	2,60577	-0,43932
0,00110	2,86270	-0,25794
0,00120	3,15784	-0,02637
0,00130	3,45188	0,20865
0,00140	3,62222	0,44235
0,00150	3,88437	0,69301
0,00160	4,21010	1,01882
0,00170	4,34235	1,30101
0,00180	4,57601	1,47853
0,00190	4,84071	1,65790
0,00200	5,08642	1,92763
0,00210	5,26562	2,27227
0,00220	5,50618	2,42620
0,00230	5,70925	2,68540
0,00240	5,91425	2,93457
0,00250	6,04549	3,16212
0,00260	6,25964	3,43128
0,00270	6,40757	3,67342
0,00280	6,57169	3,84203
0,00290	6,74705	3,99841
0,00300	7,00312	4,29498
0,00310	7,07865	4,45481
0,00320	7,31439	4,72864
0,00330	7,40214	4,89202
0,00340	7,58216	4,99961
0,00350	7,71611	5,17104
0,00360	7,87922	5,41706
0,00370	7,97166	5,56995
0,00380	8,01073	5,72555
0,00390	8,09057	5,89388
0,00400	8,14137	6,17295
0,00410	8,30943	6,21850
0,00420	8,30446	6,47786
0,00430	8,39976	6,62138
0,00440	8,41742	6,76605
0,00450	8,56001	6,85576
0,00460	8,51616	7,01757
0,00470	8,54974	7,13534
0,00480	8,58875	7,13202
0,00490	8,65632	7,27021
0,00500	8,60151	7,42159
0,00510	8,67576	7,48980
0,00520	8,55595	7,47234
0,00530	8,58205	7,66003
0,00540	8,50725	7,60163
0,00550	8,48438	7,73319
0,00560	8,49431	7,78175
0,00570	8,47095	7,84570
0,00580	8,37537	7,93338
0,00590	8,24624	7,89022
0,00600	8,17480	7,85678
0,00610	8,07541	7,84306
0,00620	8,00980	7,92673
0,00630	7,96158	7,86562
0,00640	7,73190	7,93840
0,00650	7,66092	7,89777
0,00660	7,50365	7,87074
0,00670	7,43880	7,76086
0,00680	7,35103	7,72503
0,00690	7,14675	7,77661
0,00700	6,94538	7,70883
0,00710	6,74607	7,61227
0,00720	6,70230	7,55262
0,00730	6,42471	7,47011
0,00740	6,35263	7,29320
0,00750	6,12559	7,31866
0,00760	5,94183	7,21477
0,00770	5,64767	7,11365
0,00780	5,47066	7,00124
0,00790	5,32571	6,85122
0,00800	5,11573	6,63228
0,00810	4,89644	6,57936
0,00820	4,64932	6,45686
0,00830	4,41469	6,22081
0,00840	4,21832	6,12552
0,00850	3,88598	5,90424
0,00860	3,65227	5,75521
0,00870	3,45041	5,66959
0,00880	3,17521	5,41435
0,00890	2,87204	5,15959
0,00900	2,61333	5,09112
0,00910	2,34757	4,81041
0,00920	2,16985	4,70821
0,00930	1,83872	4,45768
0,00940	1,59362	4,19831
0,00950	1,29880	4,06327
0,00960	1,13424	3,81842
0,00970	0,83459	3,59219
0,00980	0,55755	3,36987
0,00990	0,31820	3,06442
0,01000	-0,07131	2,86279
0,01010	-0,29820	2,67917
0,01020	-0,59901	2,47238
0,01030	-0,86034	2,15478
0,01040	-1,15903	2,03926
0,01050	-1,42377	1,72198
0,01060	-1,62830	1,50603
0,01070	-1,91602	1,20526
0,01080	-2,08559	1,04785
0,01090	-2,35366	0,70066
0,01100	-2,72102	0,56243
0,01110	-2,97626	0,29728
0,01120	-3,19590	-0,01620
0,01130	-3,47669	-0,20918
0,01140	-3,72545	-0,54142
0,01150	-3,87331	-0,70387
0,01160	-4,13912	-1,04940
0,01170	-4,31189	-1,17038
0,01180	-4,62555	-1,41889
0,01190	-4,92409	-1,68250
0,01200	-5,02809	-1,92886
0,01210	-5,23782	-2,26412
0,01220	-5,45539	-2,42720
0,01230	-5,72862	-2,72868
0,01240	-5,89381	-2,97583
0,01250	-6,06119	-3,19804
0,01260	-6,23987	-3,44646
0,01270	-6,44687	-3,53830
0,01280	-6,58089	-3,74544
0,01290	-6,79398	-4,03415
0,01300	-7,00685	-4,23620
0,01310	-7,10524	-4,42054
0,01320	-7,24662	-4,71081
0,01330	-7,48529	-4,81685
0,01340	-7,59047	-4,99824
0,01350	-7,62775	-5,26073
0,01360	-7,78361	-5,49989
0,01370	-7,88560	-5,60451
0,01380	-8,01764	-5,77530
0,01390	-8,05270	-5,97040
0,01400	-8,24426	-6,08163
0,01410	-8,21498	-6,29503
0,01420	-8,33605	-6,47707
0,01430	-8,42349	-6,56494
0,01440	-8,45491	-6,63451
0,01450	-8,50595	-6,75801
0,01460	-8,50599	-6,97888
0,01470	-8,52434	-7,09213
0,01480	-8,63901	-7,19392
0,01490	-8,57555	-7,34277
0,01500	-8,65783	-7,35339
0,01510	-8,67869	-7,45121
0,01520	-8,67363	-7,55368
0,01530	-8,64179	-7,65436
0,01540	-8,58532	-7,67564
0,01550	-8,48483	-7,77456
0,01560	-8,46725	-7,75590
0,01570	-8,42768	-7,81645
0,01580	-8,34072	-7,87387
0,01590	-8,22917	-7,83522
0,01600	-8,23231	-7,87833
0,01610	-8,15650	-7,86926
0,01620	-8,04802	-7,96531
0,01630	-7,89803	-7,98505
0,01640	-7,82144	-7,89809
0,01650	-7,62165	-7,92182
0,01660	-7,60863	-7,82217
0,01670	-7,45195	-7,80390
0,01680	-7,34059	-7,79435
0,01690	-7,13869	-7,72981
0,01700	-7,03062	-7,68796
0,01710	-6,78116	-7,65570
0,01720	-6,58365	-7,55082
0,01730	-6,45536	-7,45781
0,01740	-6,22491	-7,35978
0,01750	-6,15624	-7,29328
0,01760	-5,86161	-7,20172
0,01770	-5,74023	-7,03781
0,01780	-5,55422	-6,86067
0,01790	-5,21373	-6,74141
0,01800	-5,02192	-6,72801
0,01810	-4,84468	-6,52771
0,01820	-4,66783	-6,45692
0,01830	-4,43055	-6,23678
0,01840	-4,14848	-6,03995
0,01850	-3,86355	-5,99671
0,01860	-3,74510	-5,80789
0,01870	-3,34571	-5,64299
0,01880	-3,12218	-5,46088
0,01890	-2,85765	-5,29744
0,01900	-2,71777	-5,05141
0,01910	-2,41915	-4,92067
0,01920	-2,17698	-4,65173
0,01930	-1,93559	-4,42979
0,01940	-1,54504	-4,26185
0,01950	-1,37757	-4,08312
0,01960	-1,03414	-3,82708
0,01970	-0,84944	-3,56024
0,01980	-0,56095	-3,31381
0,01990	-0,22404	-3,20996
0,02000	-0,00247	-2,91796
0,02010	0,34996	-2,62604
0,02020	0,55718	-2,50445
0,02030	0,81663	-2,17207
0,02040	1,10139	-1,92758
0,02050	1,35977	-1,66813
0,02060	1,64229	-1,48185
0,02070	1,87050	-1,21866
0,02080	2,10675	-1,05612
0,02090	2,42238	-0,69339
0,02100	2,74002	-0,48048
0,02110	2,87463	-0,32104
0,02120	3,19480	0,02507
0,02130	3,36083	0,27697
0,02140	3,70326	0,47634
0,02150	3,85034	0,82923
0,02160	4,17289	1,06911
0,02170	4,44582	1,22062
0,02180	4,63310	1,46237
0,02190	4,77027	1,70700
0,02200	5,10049	2,03876
0,02210	5,27330	2,22873
0,02220	5,54084	2,38779
0,02230	5,64406	2,69685
0,02240	5,88472	2,85426
0,02250	6,17740	3,07788
0,02260	6,25416	3,39780
0,02270	6,41345	3,54826
0,02280	6,63201	3,89118
0,02290	6,86573	4,02887
0,02300	6,94684	4,20822
0,02310	7,17521	4,45903
0,02320	7,29671	4,69642
0,02330	7,39318	4,78047
0,02340	7,58717	5,07778
0,02350	7,63150	5,25032
0,02360	7,82493	5,42027
0,02370	7,95174	5,55140
0,02380	8,01201	5,84364
0,02390	8,05955	5,99396
0,02400	8,26288	6,13730
0,02410	8,24205	6,24181
0,02420	8,35522	6,44523
0,02430	8,43839	6,50374
0,02440	8,42911	6,75552
0,02450	8,55847	6,88009
0,02460	8,52500	7,00491
0,02470	8,58924	7,07228
0,02480	8,63203	7,10592
0,02490	8,55482	7,25733
0,02500	8,61225	7,31717
0,02510	8,69722	7,44758
0,02520	8,68089	7,57995
0,02530	8,64217	7,64729
0,02540	8,59422	7,66643
0,02550	8,58164	7,79448
0,02560	8,41919	7,77954
0,02570	8,42833	7,89058
0,02580	8,33446	7,81450
0,02590	8,35318	7,95204
0,02600	8,18056	7,88524
0,02610	8,10339	7,95379
0,02620	8,05403	7,85666
0,02630	7,92415	7,84019
0,02640	7,78201	7,89074
0,02650	7,73776	7,92140
0,02660	7,60115	7,84903
0,02670	7,47721	7,76563
0,02680	7,34054	7,82530
0,02690	7,09197	7,73022
0,02700	6,95101	7,70421
0,02710	6,77477	7,54707
0,02720	6,59280	7,59416
0,02730	6,41330	7,42578
0,02740	6,34451	7,39483
0,02750	6,02222	7,28710
0,02760	5,89196	7,14390
0,02770	5,77269	7,11281
0,02780	5,50542	7,00976
0,02790	5,27024	6,77896
0,02800	5,03769	6,72486
0,02810	4,88090	6,51414
0,02820	4,61295	6,43160
0,02830	4,37510	6,23219
0,02840	4,13842	6,09663
0,02850	3,98225	5,94542
0,02860	3,59379	5,73352
0,02870	3,45121	5,56794
0,02880	3,24015	5,37934
0,02890	2,85644	5,23487
0,02900	2,59970	5,11406
0,02910	2,47133	4,80518
0,02920	2,15894	4,59847
0,02930	1,94341	4,41224
0,02940	1,60219	4,22132
0,02950	1,33442	4,09320
0,02960	1,09285	3,88810
0,02970	0,76239	3,59296
0,02980	0,55550	3,29754
0,02990	0,31827	3,09656
0,03000	-0,05457	2,86882
0,03010	-0,27434	2,68060
0,03020	-0,48262	2,51244
0,03030	-0,84527	2,20736
0,03040	-1,02180	2,03969
0,03050	-1,31187	1,72222
0,03060	-1,58710	1,46453
0,03070	-1,89025	1,29658
0,03080	-2,17696	0,95744
0,03090	-2,36667	0,72467
0,03100	-2,62327	0,50527
0,03110	-2,93638	0,20172
0,03120	-3,12939	-0,00778
0,03130	-3,43488	-0,18732
0,03140	-3,66010	-0,57861
0,03150	-3,91318	-0,81834
0,03160	-4,15651	-0,99788
0,03170	-4,38574	-1,25213
0,03180	-4,66560	-1,51919
0,03190	-4,82500	-1,75628
0,03200	-5,09137	-1,99698
0,03210	-5,28362	-2,15919
0,03220	-5,45405	-2,52034
0,03230	-5,70021	-2,62450
0,03240	-5,85074	-2,97460
0,03250	-6,07032	-3,14492
0,03260	-6,26024	-3,43913
0,03270	-6,54693	-3,53080
0,03280	-6,63614	-3,89577
0,03290	-6,76701	-3,98785
0,03300	-7,02397	-4,19710
0,03310	-7,07898	-4,53078
0,03320	-7,22584	-4,64404
0,03330	-7,48368	-4,81783
0,03340	-7,61840	-5,01106
0,03350	-7,61578	-5,21652
0,03360	-7,74801	-5,45441
0,03370	-7,95109	-5,54148
0,03380	-8,00863	-5,78410
0,03390	-8,17510	-5,92971
0,03400	-8,24083	-6,06346
0,03410	-8,22826	-6,26629
0,03420	-8,38643	-6,47986
0,03430	-8,41001	-6,53254
0,03440	-8,39441	-6,69487
0,03450	-8,48249	-6,85582
0,03460	-8,51728	-6,93833
0,03470	-8,60496	-7,02171
0,03480	-8,67161	-7,11854
0,03490	-8,55346	-7,22832
0,03500	-8,56938	-7,44445
0,03510	-8,64600	-7,44525
0,03520	-8,68186	-7,58223
0,03530	-8,57822	-7,64777
0,03540	-8,53906	-7,66574
0,03550	-8,50616	-7,77170
0,03560	-8,39395	-7,81392
0,03570	-8,40213	-7,75586
0,03580	-8,33116	-7,81396
0,03590	-8,33998	-7,92322
0,03600	-8,24344	-7,83637
0,03610	-8,08051	-7,89101
0,03620	-8,02260	-7,94446
0,03630	-7,83970	-7,91277
0,03640	-7,87060	-7,92362
0,03650	-7,67479	-7,91795
0,03660	-7,62740	-7,89744
0,03670	-7,44877	-7,87718
0,03680	-7,27963	-7,78550
0,03690	-7,08281	-7,70856
0,03700	-6,99845	-7,71715
0,03710	-6,75308	-7,59792
0,03720	-6,67092	-7,58866
0,03730	-6,43404	-7,43090
0,03740	-6,23084	-7,43550
0,03750	-6,13791	-7,28265
0,03760	-5,90652	-7,23497
0,03770	-5,66280	-7,01812
0,03780	-5,48539	-6,99167
0,03790	-5,25174	-6,85891
0,03800	-5,13024	-6,60646
0,03810	-4,88950	-6,60490
0,03820	-4,65752	-6,47368
0,03830	-4,33611	-6,23864
0,03840	-4,21822	-6,04388
0,03850	-3,87901	-5,99995
0,03860	-3,60752	-5,83308
0,03870	-3,41007	-5,61726
0,03880	-3,17170	-5,48203
0,03890	-2,90466	-5,30165
0,03900	-2,72989	-5,05588
0,03910	-2,36931	-4,78671
0,03920	-2,15401	-4,64183
0,03930	-1,89462	-4,49446
0,03940	-1,65829	-4,20874
0,03950	-1,30425	-4,10076
0,03960	-1,03532	-3,77636
0,03970	-0,81995	-3,55266
0,03980	-0,57690	-3,32656
0,03990	-0,26422	-3,12976
0,04000	0,00603	-2,96353
0,04010	0,32844	-2,62402
0,04020	0,59260	-2,38802
0,04030	0,77622	-2,14144
0,04040	1,13572	-1,94340
0,04050	1,30598	-1,67922
0,04060	1,62356	-1,45864
0,04070	1,87615	-1,27757
0,04080	2,20974	-0,93329
0,04090	2,48485	-0,78137
0,04100	2,73130	-0,55645
0,04110	2,94811	-0,24791
0,04120	3,20573	0,01348
0,04130	3,42038	0,20260
0,04140	3,60691	0,50930
0,04150	3,91973	0,73849
0,04160	4,21063	1,03652
0,04170	4,42194	1,17115
0,04180	4,54682	1,42165
0,04190	4,91314	1,79714
0,04200	5,05014	1,94565
0,04210	5,21458	2,16360
0,04220	5,48571	2,49291
0,04230	5,69745	2,72774
0,04240	5,91714	2,89757
0,04250	6,17383	3,18591
0,04260	6,21742	3,33760
0,04270	6,47001	3,58271
0,04280	6,62817	3,78242
0,04290	6,79564	4,07289
0,04300	6,98799	4,22737
0,04310	7,19397	4,43663
0,04320	7,30769	4,59906
0,04330	7,41350	4,82020
0,04340	7,61224	4,99924
0,04350	7,74766	5,16820
0,04360	7,80458	5,37118
0,04370	7,85085	5,56472
0,04380	8,07326	5,81600
0,04390	8,13613	5,88148
0,04400	8,13189	6,18449
0,04410	8,26904	6,33853
0,04420	8,27682	6,37223
0,04430	8,45443	6,56996
0,04440	8,44450	6,66827
0,04450	8,58239	6,74398
0,04460	8,57595	6,92084
0,04470	8,58136	7,11642
0,04480	8,62389	7,20447
0,04490	8,68612	7,20165
0,04500	8,55068	7,33646
0,04510	8,61348	7,48979
0,04520	8,55100	7,49683
0,04530	8,64365	7,61799
0,04540	8,62540	7,68758
0,04550	8,57536	7,75649
0,04560	8,46706	7,83252
0,04570	8,38711	7,90120
0,04580	8,35033	7,89667
0,04590	8,26666	7,82256
0,04600	8,24355	7,96318
0,04610	8,04338	7,88369
0,04620	8,01217	7,97782
0,04630	7,88276	7,98607
0,04640	7,81483	7,84184
0,04650	7,68648	7,89191
0,04660	7,58874	7,81179
0,04670	7,44966	7,77561
0,04680	7,22076	7,73333
0,04690	7,15001	7,73835
0,04700	7,00665	7,62369
0,04710	6,73869	7,58954
0,04720	6,64023	7,50792
0,04730	6,40942	7,38289
0,04740	6,20918	7,37786
0,04750	6,07546	7,30708
0,04760	5,89774	7,18435
0,04770	5,67563	7,02726
0,04780	5,50048	6,93075
0,04790	5,26116	6,77294
0,04800	5,00041	6,72057
0,04810	4,78364	6,54727
0,04820	4,58521	6,39950
0,04830	4,44212	6,28392
0,04840	4,09658	6,10610
0,04850	3,84572	5,90831
0,04860	3,70350	5,79234
0,04870	3,45811	5,52146
0,04880	3,14771	5,45026
0,04890	2,97204	5,21361
0,04900	2,70399	5,11598
0,04910	2,39660	4,86184
0,04920	2,14080	4,70102
0,04930	1,92695	4,39096
0,04940	1,67594	4,23370
0,04950	1,41211	4,02611
0,04960	1,08939	3,76888
0,04970	0,78033	3,55297
0,04980	0,59736	3,38075
0,04990	0,23296	3,11171
0,05000	-0,03961	2,94218
0,05010	-0,22020	2,70800
0,05020	-0,60069	2,52040
0,05030	-0,85031	2,17230
0,05040	-1,09360	2,00171
0,05050	-1,30929	1,70178
0,05060	-1,65794	1,41193
0,05070	-1,86802	1,24245
0,05080	-2,09727	1,02390
0,05090	-2,41549	0,69098
0,05100	-2,70242	0,41445
0,05110	-2,95672	0,20941
0,05120	-3,16152	-0,03679
0,05130	-3,48311	-0,28678
0,05140	-3,74047	-0,57505
0,05150	-3,87366	-0,80334
0,05160	-4,19624	-1,03960
0,05170	-4,40262	-1,29524
0,05180	-4,67366	-1,51142
0,05190	-4,87095	-1,75172
0,05200	-5,06538	-1,92752
0,05210	-5,36528	-2,18361
0,05220	-5,47129	-2,49858
0,05230	-5,74725	-2,74614
0,05240	-5,89127	-2,86594
0,05250	-6,12140	-3,19173
0,05260	-6,35699	-3,45149
0,05270	-6,42011	-3,58219
0,05280	-6,62170	-3,86202
0,05290	-6,84930	-4,00818
0,05300	-6,92713	-4,23316
0,05310	-7,08933	-4,43630
0,05320	-7,24303	-4,62504
0,05330	-7,37043	-4,79101
0,05340	-7,53241	-5,01501
0,05350	-7,76019	-5,24708
0,05360	-7,82750	-5,35266
0,05370	-7,95297	-5,59866
0,05380	-8,03319	-5,70531
0,05390	-8,06471	-5,88709
0,05400	-8,21892	-6,14032
0,05410	-8,31479	-6,31249
0,05420	-8,34343	-6,34663
0,05430	-8,42255	-6,50578
0,05440	-8,40655	-6,67379
0,05450	-8,51528	-6,86382
0,05460	-8,60019	-6,94394
0,05470	-8,59058	-6,98736
0,05480	-8,54772	-7,16892
0,05490	-8,65225	-7,23035
0,05500	-8,56722	-7,29266
0,05510	-8,56201	-7,52319
0,05520	-8,66595	-7,45916
0,05530	-8,64415	-7,57239
0,05540	-8,51708	-7,64476
0,05550	-8,47346	-7,75077
0,05560	-8,44312	-7,74722
0,05570	-8,41331	-7,80868
0,05580	-8,33050	-7,83695
0,05590	-8,31993	-7,83497
0,05600	-8,20965	-7,85366
0,05610	-8,04686	-7,95229
0,05620	-8,03735	-7,95579
0,05630	-7,94185	-7,93631
0,05640	-7,87076	-7,85466
0,05650	-7,68008	-7,89321
0,05660	-7,51649	-7,85830
0,05670	-7,38477	-7,89121
0,05680	-7,29881	-7,71068
0,05690	-7,13721	-7,75064
0,05700	-6,90409	-7,69099
0,05710	-6,75445	-7,58286
0,05720	-6,62410	-7,60629
0,05730	-6,41719	-7,37858
0,05740	-6,34383	-7,34662
0,05750	-6,10683	-7,25954
0,05760	-5,88896	-7,23839
0,05770	-5,64018	-7,03301
0,05780	-5,48192	-7,00279
0,05790	-5,28569	-6,74391
0,05800	-4,99736	-6,62949
0,05810	-4,84729	-6,48903
0,05820	-4,67370	-6,36439
0,05830	-4,43098	-6,22615
0,05840	-4,22269	-6,08966
0,05850	-3,86880	-5,92246
0,05860	-3,71234	-5,77051
0,05870	-3,39568	-5,53622
0,05880	-3,16928	-5,35132
0,05890	-2,94591	-5,21500
0,05900	-2,61041	-5,07832
0,05910	-2,33168	-4,77269
0,05920	-2,08847	-4,64715
0,05930	-1,87981	-4,42404
0,05940	-1,68690	-4,26373
0,05950	-1,32854	-3,96667
0,05960	-1,01076	-3,87266
0,05970	-0,87390	-3,56848
0,05980	-0,50047	-3,38151
0,05990	-0,26697	-3,13521
0,06000	0,05398	-2,86532
0,06010	0,25723	-2,60067
0,06020	0,59985	-2,41133
0,06030	0,84319	-2,21221
0,06040	1,09428	-2,00839
0,06050	1,42227	-1,64731
0,06060	1,65691	-1,55159
0,06070	1,83771	-1,19057
0,06080	2,11109	-1,02201
0,06090	2,33391	-0,66790
0,06100	2,73046	-0,53132
0,06110	2,90954	-0,16955
0,06120	3,18282	-0,00116
0,06130	3,35842	0,29722
0,06140	3,59812	0,49547
0,06150	3,88295	0,79547
0,06160	4,20268	0,93055
0,06170	4,41996	1,23673
0,06180	4,55311	1,47323
0,06190	4,91992	1,76938
0,06200	5,09614	2,04952
0,06210	5,31096	2,16911
0,06220	5,53955	2,44821
0,06230	5,77686	2,62760
0,06240	5,97229	2,97928
0,06250	6,13659	3,18143
0,06260	6,33278	3,35116
0,06270	6,50806	3,54771
0,06280	6,64154	3,77666
0,06290	6,89146	3,98233
0,06300	7,05503	4,24010
0,06310	7,07471	4,43606
0,06320	7,33823	4,69663
0,06330	7,41518	4,80145
0,06340	7,59301	5,11658
0,06350	7,68976	5,20909
0,06360	7,80443	5,50378
0,06370	7,84528	5,67881
0,06380	7,98202	5,73071
0,06390	8,10012	5,96797
0,06400	8,13108	6,17285
0,06410	8,25147	6,32287
0,06420	8,39495	6,34811
0,06430	8,48475	6,47787
0,06440	8,49204	6,61157
0,06450	8,56705	6,75999
0,06460	8,56775	6,94550
0,06470	8,60988	7,07491
0,06480	8,53469	7,23997
0,06490	8,57705	7,22123
0,06500	8,69441	7,37720
0,06510	8,63241	7,40262
0,06520	8,67116	7,59025
0,06530	8,63494	7,56140
0,06540	8,59693	7,64850
0,06550	8,56475	7,68179
0,06560	8,53726	7,81953
0,06570	8,46812	7,81739
0,06580	8,27719	7,85417
0,06590	8,30976	7,80890
0,06600	8,12683	7,83271
0,06610	8,13141	7,90386
0,06620	8,02717	7,91617
0,06630	7,88045	7,98173
0,06640	7,84051	7,92687
0,06650	7,73590	7,87569
0,06660	7,50582	7,89038
0,06670	7,48141	7,79028
0,06680	7,27459	7,82949
0,06690	7,08518	7,73671
0,06700	7,00186	7,60296
0,06710	6,76130	7,52815
0,06720	6,66719	7,54718
0,06730	6,45123	7,39673
0,06740	6,25620	7,40264
0,06750	6,02135	7,32886
0,06760	5,82975	7,13308
0,06770	5,76313	7,09027
0,06780	5,53209	6,95742
0,06790	5,22169	6,78941
0,06800	4,99139	6,61428
0,06810	4,80722	6,59636
0,06820	4,66476	6,47929
0,06830	4,32917	6,26144
0,06840	4,11555	6,04997
0,06850	3,86090	5,92677
0,06860	3,60696	5,71552
0,06870	3,49515	5,57426
0,06880	3,10664	5,40074
0,06890	2,98093	5,16434
0,06900	2,70781	4,97839
0,06910	2,44756	4,78815
0,06920	2,18381	4,70452
0,06930	1,90938	4,46998
0,06940	1,58021	4,28946
0,06950	1,28548	4,10274
0,06960	1,12930	3,77117
0,06970	0,85430	3,64720
0,06980	0,53605	3,44379
0,06990	0,21733	3,21090
0,07000	-0,00658	2,89427
0,07010	-0,32488	2,72747
0,07020	-0,51072	2,37951
0,07030	-0,82487	2,27468
0,07040	-1,08488	2,00203
0,07050	-1,28797	1,68672
0,07060	-1,57839	1,51699
0,07070	-1,88400	1,19015
0,07080	-2,09893	1,02548
0,07090	-2,42953	0,68514
0,07100	-2,65452	0,49001
0,07110	-2,84791	0,25799
0,07120	-3,17779	-0,08337
0,07130	-3,40251	-0,22266
0,07140	-3,66779	-0,50734
0,07150	-3,91181	-0,67610
0,07160	-4,18354	-1,05738
0,07170	-4,36339	-1,22915
0,07180	-4,61496	-1,43878
0,07190	-4,79033	-1,66142
0,07200	-5,08046	-1,98473
0,07210	-5,31910	-2,15009
0,07220	-5,51590	-2,49798
0,07230	-5,72579	-2,65147
0,07240	-5,90405	-2,94970
0,07250	-6,13101	-3,14688
0,07260	-6,36461	-3,33515
0,07270	-6,48970	-3,58086
0,07280	-6,67961	-3,81350
0,07290	-6,85192	-3,99799
0,07300	-7,03517	-4,25188
0,07310	-7,18396	-4,46964
0,07320	-7,32148	-4,59604
0,07330	-7,45321	-4,92649
0,07340	-7,54747	-5,09245
0,07350	-7,65099	-5,19040
0,07360	-7,80511	-5,43070
0,07370	-7,83760	-5,65106
0,07380	-8,01324	-5,82820
0,07390	-8,07655	-5,87896
0,07400	-8,16513	-6,09982
0,07410	-8,34620	-6,19539
0,07420	-8,40131	-6,36004
0,07430	-8,41629	-6,51429
0,07440	-8,39978	-6,68701
0,07450	-8,57346	-6,82706
0,07460	-8,54744	-6,89822
0,07470	-8,58092	-6,99542
0,07480	-8,63958	-7,13455
0,07490	-8,57466	-7,28812
0,07500	-8,65761	-7,40267
0,07510	-8,58456	-7,43732
0,07520	-8,56207	-7,60902
0,07530	-8,66172	-7,62359
0,07540	-8,50833	-7,64644
0,07550	-8,45509	-7,79246
0,07560	-8,44958	-7,70148
0,07570	-8,44829	-7,82938
0,07580	-8,33165	-7,92981
0,07590	-8,25649	-7,92616
0,07600	-8,13171	-7,91047
0,07610	-8,16089	-7,87700
0,07620	-8,03570	-7,89751
0,07630	-7,86076	-7,93485
0,07640	-7,77400	-7,88435
0,07650	-7,65116	-7,83124
0,07660	-7,49106	-7,85638
0,07670	-7,45049	-7,84742
0,07680	-7,27470	-7,70676
0,07690	-7,16591	-7,66629
0,07700	-7,05205	-7,60740
0,07710	-6,73932	-7,57912
0,07720	-6,64403	-7,49890
0,07730	-6,47862	-7,41993
0,07740	-6,35574	-7,39392
0,07750	-6,12956	-7,25757
0,07760	-5,98124	-7,23630
0,07770	-5,77460	-7,11267
0,07780	-5,52640	-7,00037
0,07790	-5,26956	-6,89326
0,07800	-4,99102	-6,70883
0,07810	-4,87583	-6,50369
0,07820	-4,55739	-6,44579
0,07830	-4,45576	-6,17938
0,07840	-4,21128	-6,14176
0,07850	-3,93901	-5,94558
0,07860	-3,70772	-5,70499
0,07870	-3,46581	-5,56146
0,07880	-3,15072	-5,36233
0,07890	-2,99134	-5,22309
0,07900	-2,60458	-5,03904
0,07910	-2,41736	-4,84166
0,07920	-2,15304	-4,62052
0,07930	-1,81400	-4,48792
0,07940	-1,68534	-4,20494
0,07950	-1,37353	-3,98715
0,07960	-1,06645	-3,75782
0,07970	-0,73858	-3,66857
0,07980	-0,61254	-3,36534
0,07990	-0,27959	-3,19541
0,08000	-0,00360	-2,96886
0,08010	0,27999	-2,71309
0,08020	0,51808	-2,38141
0,08030	0,80614	-2,17621
0,08040	1,06984	-1,98450
0,08050	1,41760	-1,64949
0,08060	1,66683	-1,43595
0,08070	1,94116	-1,29048
0,08080	2,15788	-0,97162
0,08090	2,44793	-0,79572
0,08100	2,64154	-0,56666
0,08110	2,90213	-0,31772
0,08120	3,22197	-0,00899
0,08130	3,34953	0,23962
0,08140	3,69112	0,44709
0,08150	3,98302	0,67457
0,08160	4,16180	0,97500
0,08170	4,41484	1,19462
0,08180	4,57701	1,47071
0,08190	4,79408	1,72428
0,08200	5,06530	1,91260
0,08210	5,23192	2,23440
0,08220	5,43564	2,49855
0,08230	5,68655	2,67122
0,08240	5,98108	2,92408
0,08250	6,02736	3,07078
0,08260	6,30373	3,37902
0,08270	6,46697	3,65776
0,08280	6,56602	3,83324
0,08290	6,82766	3,97385
0,08300	7,04377	4,31761
0,08310	7,18276	4,45002
0,08320	7,23491	4,68634
0,08330	7,43644	4,82028
0,08340	7,61280	5,11386
0,08350	7,66865	5,21895
0,08360	7,72606	5,36862
0,08370	7,96710	5,63199
0,08380	7,98725	5,74804
0,08390	8,07608	6,00239
0,08400	8,19843	6,15719
0,08410	8,33816	6,19953
0,08420	8,33376	6,41202
0,08430	8,48732	6,63183
0,08440	8,47583	6,74911
0,08450	8,51960	6,85023
0,08460	8,56281	7,00252
0,08470	8,65807	7,09264
0,08480	8,64225	7,18860
0,08490	8,58060	7,26525
0,08500	8,69967	7,31016
0,08510	8,66298	7,50764
0,08520	8,60867	7,53193
0,08530	8,51130	7,57823
0,08540	8,53383	7,60312
0,08550	8,44821	7,76011
0,08560	8,53945	7,77379
0,08570	8,44173	7,89119
0,08580	8,31697	7,84812
0,08590	8,33261	7,93483
0,08600	8,27723	7,94009
0,08610	8,13097	7,89858
0,08620	8,00421	7,90927
0,08630	7,91896	7,85313
0,08640	7,74044	7,89544
0,08650	7,65141	7,91486
0,08660	7,60480	7,83422
0,08670	7,49499	7,77721
0,08680	7,22340	7,80585
0,08690	7,05659	7,75448
0,08700	6,94039	7,63888
0,08710	6,75338	7,54757
0,08720	6,59864	7,55999
0,08730	6,42101	7,48068
0,08740	6,34599	7,43797
0,08750	6,05386	7,28604
0,08760	5,84456	7,20669
0,08770	5,65278	7,05298
0,08780	5,55571	6,89215
0,08790	5,23789	6,84044
0,08800	5,10456	6,60577
0,08810	4,90374	6,52498
0,08820	4,68487	6,47950
0,08830	4,32296	6,20467
0,08840	4,09235	6,02459
0,08850	3,93787	5,94275
0,08860	3,60800	5,73144
0,08870	3,38051	5,62778
0,08880	3,21433	5,49217
0,08890	2,89281	5,29059
0,08900	2,61859	5,09075
0,08910	2,40488	4,83202
0,08920	2,21119	4,57914
0,08930	1,93604	4,46244
0,08940	1,64616	4,21791
0,08950	1,34825	4,04216
0,08960	1,07713	3,80825
0,08970	0,85473	3,65032
0,08980	0,51447	3,39901
0,08990	0,33725	3,18616
0,09000	0,06704	2,97706
0,09010	-0,31909	2,60744
0,09020	-0,53411	2,41471
0,09030	-0,75093	2,18569
0,09040	-1,16040	1,88686
0,09050	-1,32702	1,79982
0,09060	-1,67831	1,49908
0,09070	-1,82037	1,21008
0,09080	-2,11184	0,94109
0,09090	-2,36075	0,78551
0,09100	-2,70171	0,43537
0,09110	-2,88994	0,24541
0,09120	-3,19140	-0,05605
0,09130	-3,50091	-0,21772
0,09140	-3,65833	-0,57898
0,09150	-3,93676	-0,71387
0,09160	-4,19687	-0,99798
0,09170	-4,32842	-1,16744
0,09180	-4,58151	-1,45941
0,09190	-4,82706	-1,73095
0,09200	-4,99129	-1,97654
0,09210	-5,35617	-2,19971
0,09220	-5,50203	-2,52363
0,09230	-5,62599	-2,64241
0,09240	-5,85980	-2,89580
0,09250	-6,05732	-3,07080
0,09260	-6,22192	-3,41305
0,09270	-6,45006	-3,60437
0,09280	-6,59420	-3,82698
0,09290	-6,78529	-4,00975
0,09300	-6,94483	-4,24185
0,09310	-7,19157	-4,49544
0,09320	-7,20815	-4,63947
0,09330	-7,34557	-4,78022
0,09340	-7,62049	-5,10997
0,09350	-7,67944	-5,28017
0,09360	-7,82922	-5,34990
0,09370	-7,92506	-5,66959
0,09380	-8,03947	-5,79082
0,09390	-8,15281	-5,90830
0,09400	-8,27678	-6,06729
0,09410	-8,36111	-6,21654
0,09420	-8,38997	-6,34892
0,09430	-8,49079	-6,59986
0,09440	-8,45000	-6,65438
0,09450	-8,57460	-6,85901
0,09460	-8,58995	-6,92085
0,09470	-8,59162	-7,00429
0,09480	-8,57644	-7,15852
0,09490	-8,58020	-7,27156
0,09500	-8,62989	-7,29269
0,09510	-8,69397	-7,42328
0,09520	-8,68449	-7,56465
0,09530	-8,66453	-7,56944
0,09540	-8,49727	-7,72574
0,09550	-8,48879	-7,71932
0,09560	-8,41851	-7,83874
0,09570	-8,48808	-7,75252
0,09580	-8,29583	-7,88251
0,09590	-8,34582	-7,91608
0,09600	-8,16053	-7,91872
0,09610	-8,11754	-7,96936
0,09620	-7,99928	-7,98188
0,09630	-7,94056	-7,84131
0,09640	-7,83419	-7,83762
0,09650	-7,75476	-7,87825
0,09660	-7,58302	-7,92122
0,09670	-7,43646	-7,87589
0,09680	-7,24499	-7,76384
0,09690	-7,12755	-7,78746
0,09700	-6,90957	-7,59430
0,09710	-6,76510	-7,63835
0,09720	-6,67560	-7,46457
0,09730	-6,39686	-7,40783
0,09740	-6,34651	-7,40135
0,09750	-6,12927	-7,23731
0,09760	-5,89084	-7,22016
0,09770	-5,74690	-7,05620
0,09780	-5,49233	-6,90235
0,09790	-5,28220	-6,88637
0,09800	-5,02306	-6,68695
0,09810	-4,83158	-6,55051
0,09820	-4,57089	-6,35210
0,09830	-4,33824	-6,29556
0,09840	-4,08573	-6,15990
0,09850	-3,91831	-5,99424
0,09860	-3,66684	-5,84482
0,09870	-3,50372	-5,57573
0,09880	-3,16119	-5,41841
0,09890	-2,93305	-5,27594
0,09900	-2,67941	-5,07681
0,09910	-2,48152	-4,77144
0,09920	-2,22426	-4,60430
0,09930	-1,89367	-4,36878
0,09940	-1,64982	-4,23162
0,09950	-1,42338	-4,06970
0,09960	-1,04954	-3,81611
0,09970	-0,85039	-3,60852
0,09980	-0,56979	-3,37059
0,09990	-0,29950	-3,09648
